Algorithm: Classic
clustering_time: 0.655015s
Silhouette: -0.0244527, 0.120654, 0.0718743, -0.00016935, 0.0327459, 0.0328352, 0.0431995, 0.126622, 0.0440974, 0.0141014, 0.0461508
ObjectiveFunction: 4.10524e+10
