Algorithm: Classic
clustering_time: 48.0364s
Silhouette: 0.0407353, 0.0939946, 0.113006, 0.0403215, 0.0301838, 0.0484779, 0.236429, 0.0225911, 0.165077, 0.104533, 0.0895349
ObjectiveFunction: 2.52897e+10
